97 61                  61                  
88 62                  62                  
71 63                  63                  
33 64                  64                  
80 65                  65                  
88 66                  66                  
30 67                  67                  
56 68                  68                  
92 69                  69                  
3 70                  70                  
69 71                  71                  
52 72                  72                  
46 73                  73                  
56 74                  74                  
49 75                  75                  
92 76                  76                  
24 77                  77                  
4 78                  78                  
85 79                  79                  
46 80                  80                  